0.06279051952931337
0.12533323356430426
0.1873813145857246
0.2486898871648548
0.3090169943749474
0.3681245526846779
0.42577929156507266
0.4817536741017153
0.5358267949789967
0.5877852522924731
0.6374239897486896
0.6845471059286886
0.7289686274214116
0.7705132427757893
0.8090169943749473
0.8443279255020151
0.8763066800438637
0.9048270524660196
0.9297764858882513
0.9510565162951535
0.9685831611286311
0.9822872507286886
0.9921147013144778
0.9980267284282716
1.0
0.9980267284282716
0.9921147013144779
0.9822872507286887
0.9685831611286311
0.9510565162951536
0.9297764858882515
0.9048270524660195
0.8763066800438635
0.844327925502015
0.8090169943749475
0.7705132427757893
0.7289686274214114
0.6845471059286888
0.6374239897486899
0.5877852522924732
0.535826794978997
0.4817536741017152
0.4257792915650729
0.36812455268467814
0.3090169943749475
0.24868988716485524
0.18738131458572457
0.12533323356430454
0.06279051952931358
1.2246467991473532e-16
-0.06279051952931335
-0.12533323356430429
-0.18738131458572477
-0.24868988716485457
-0.3090169943749473
-0.3681245526846779
-0.42577929156507227
-0.4817536741017154
-0.5358267949789964
-0.5877852522924727
-0.6374239897486896
-0.6845471059286884
-0.7289686274214116
-0.7705132427757894
-0.8090169943749473
-0.8443279255020153
-0.8763066800438636
-0.9048270524660198
-0.9297764858882515
-0.9510565162951535
-0.9685831611286312
-0.9822872507286887
-0.9921147013144778
-0.9980267284282716
-1.0
-0.9980267284282716
-0.9921147013144779
-0.9822872507286887
-0.9685831611286311
-0.9510565162951536
-0.9297764858882516
-0.9048270524660199
-0.8763066800438634
-0.844327925502015
-0.8090169943749476
-0.7705132427757896
-0.7289686274214121
-0.684547105928689
-0.6374239897486896
-0.5877852522924734
-0.5358267949789971
-0.4817536741017161
-0.425779291565073
-0.36812455268467786
-0.3090169943749476
-0.24868988716485535
-0.18738131458572468
-0.12533323356430465
-0.06279051952931326
-2.4492935982947064e-16
