1	1	0.0	1	1	2
1	2	0.6931471805599453	4	8	4
1	3	1.0986122886681098	9	27	8
1	4	1.3862943611198906	16	64	16
1	5	1.6094379124341003	25	125	32
1	6	1.791759469228055	36	216	64
1	7	1.9459101490553132	49	343	128
1	8	2.0794415416798357	64	512	256
1	9	2.1972245773362196	81	729	512
1	10	2.302585092994046	100	1000	1024
1	11	2.3978952727983707	121	1331	2048
1	12	2.4849066497880004	144	1728	4096
1	13	2.5649493574615367	169	2197	8192
1	14	2.6390573296152584	196	2744	16384
1	15	2.70805020110221	225	3375	32768
1	16	2.772588722239781	256	4096	65536
1	17	2.833213344056216	289	4913	131072
1	18	2.8903717578961645	324	5832	262144
1	19	2.9444389791664403	361	6859	524288
1	20	2.995732273553991	400	8000	1048576
1	21	3.044522437723423	441	9261	2097152
1	22	3.091042453358316	484	10648	4194304
1	23	3.1354942159291497	529	12167	8388608
1	24	3.1780538303479458	576	13824	16777216
1	25	3.2188758248682006	625	15625	33554432
1	26	3.258096538021482	676	17576	67108864
1	27	3.295836866004329	729	19683	134217728
1	28	3.332204510175204	784	21952	268435456
1	29	3.367295829986474	841	24389	536870912
1	30	3.4011973816621555	900	27000	1073741824
1	31	3.4339872044851463	961	29791	2147483648
1	32	3.4657359027997265	1024	32768	4294967296
1	33	3.4965075614664802	1089	35937	8589934592
1	34	3.5263605246161616	1156	39304	17179869184
1	35	3.5553480614894135	1225	42875	34359738368
1	36	3.58351893845611	1296	46656	68719476736
1	37	3.6109179126442243	1369	50653	137438953472
1	38	3.6375861597263857	1444	54872	274877906944
1	39	3.6635616461296463	1521	59319	549755813888
1	40	3.6888794541139363	1600	64000	1099511627776
1	41	3.713572066704308	1681	68921	2199023255552
1	42	3.7376696182833684	1764	74088	4398046511104
1	43	3.7612001156935624	1849	79507	8796093022208
1	44	3.784189633918261	1936	85184	17592186044416
1	45	3.8066624897703196	2025	91125	35184372088832
1	46	3.828641396489095	2116	97336	70368744177664
1	47	3.8501476017100584	2209	103823	140737488355328
1	48	3.871201010907891	2304	110592	281474976710656
1	49	3.8918202981106265	2401	117649	562949953421312
1	50	3.912023005428146	2500	125000	1125899906842624
1	51	3.9318256327243257	2601	132651	2251799813685248
1	52	3.9512437185814275	2704	140608	4503599627370496
1	53	3.970291913552122	2809	148877	9007199254740992
1	54	3.9889840465642745	2916	157464	18014398509481984
1	55	4.007333185232471	3025	166375	36028797018963968
1	56	4.02535169073515	3136	175616	72057594037927936
1	57	4.04305126783455	3249	185193	144115188075855872
1	58	4.060443010546419	3364	195112	288230376151711744
1	59	4.07753744390572	3481	205379	576460752303423488
1	60	4.0943445622221	3600	216000	1152921504606846976
1	61	4.110873864173311	3721	226981	2305843009213693952
1	62	4.127134385045092	3844	238328	4611686018427387904
1	63	4.143134726391533	3969	250047	-9223372036854775808
1	64	4.1588830833596715	4096	262144	0
1	65	4.174387269895637	4225	274625	0
1	66	4.189654742026425	4356	287496	0
1	67	4.204692619390966	4489	300763	0
1	68	4.219507705176107	4624	314432	0
1	69	4.23410650459726	4761	328509	0
1	70	4.248495242049359	4900	343000	0
1	71	4.2626798770413155	5041	357911	0
1	72	4.276666119016055	5184	373248	0
1	73	4.290459441148391	5329	389017	0
1	74	4.30406509320417	5476	405224	0
1	75	4.31748811353631	5625	421875	0
1	76	4.330733340286331	5776	438976	0
1	77	4.343805421853684	5929	456533	0
1	78	4.356708826689592	6084	474552	0
1	79	4.3694478524670215	6241	493039	0
1	80	4.382026634673881	6400	512000	0
1	81	4.394449154672439	6561	531441	0
1	82	4.406719247264253	6724	551368	0
1	83	4.418840607796598	6889	571787	0
1	84	4.430816798843313	7056	592704	0
1	85	4.442651256490317	7225	614125	0
1	86	4.454347296253507	7396	636056	0
1	87	4.465908118654584	7569	658503	0
1	88	4.477336814478207	7744	681472	0
1	89	4.48863636973214	7921	704969	0
1	90	4.499809670330265	8100	729000	0
1	91	4.51085950651685	8281	753571	0
1	92	4.5217885770490405	8464	778688	0
1	93	4.532599493153256	8649	804357	0
1	94	4.543294782270004	8836	830584	0
1	95	4.553876891600541	9025	857375	0
1	96	4.564348191467836	9216	884736	0
1	97	4.574710978503383	9409	912673	0
1	98	4.584967478670572	9604	941192	0
1	99	4.59511985013459	9801	970299	0
1	100	4.605170185988092	10000	1000000	0
1	101	4.61512051684126	10201	1030301	0
1	102	4.624972813284271	10404	1061208	0
1	103	4.634728988229636	10609	1092727	0
1	104	4.6443908991413725	10816	1124864	0
1	105	4.653960350157523	11025	1157625	0
1	106	4.663439094112067	11236	1191016	0
1	107	4.672828834461906	11449	1225043	0
1	108	4.68213122712422	11664	1259712	0
1	109	4.6913478822291435	11881	1295029	0
1	110	4.700480365792417	12100	1331000	0
1	111	4.709530201312334	12321	1367631	0
1	112	4.718498871295094	12544	1404928	0
1	113	4.727387818712341	12769	1442897	0
1	114	4.736198448394496	12996	1481544	0
1	115	4.74493212836325	13225	1520875	0
1	116	4.7535901911063645	13456	1560896	0
1	117	4.762173934797756	13689	1601613	0
1	118	4.770684624465665	13924	1643032	0
1	119	4.77912349311153	14161	1685159	0
1	120	4.787491742782046	14400	1728000	0
1	121	4.795790545596741	14641	1771561	0
1	122	4.804021044733257	14884	1815848	0
1	123	4.812184355372417	15129	1860867	0
1	124	4.820281565605037	15376	1906624	0
1	125	4.8283137373023015	15625	1953125	0
1	126	4.836281906951478	15876	2000376	0
1	127	4.844187086458591	16129	2048383	0
1	128	4.852030263919617	16384	2097152	0
1	129	4.859812404361672	16641	2146689	0
1	130	4.867534450455582	16900	2197000	0
1	131	4.875197323201151	17161	2248091	0
1	132	4.882801922586371	17424	2299968	0
1	133	4.890349128221754	17689	2352637	0
1	134	4.897839799950911	17956	2406104	0
1	135	4.90527477843843	18225	2460375	0
1	136	4.912654885736052	18496	2515456	0
1	137	4.919980925828125	18769	2571353	0
1	138	4.927253685157205	19044	2628072	0
1	139	4.9344739331306915	19321	2685619	0
1	140	4.941642422609304	19600	2744000	0
1	141	4.948759890378168	19881	2803221	0
1	142	4.955827057601261	20164	2863288	0
1	143	4.962844630259907	20449	2924207	0
1	144	4.969813299576001	20736	2985984	0
1	145	4.976733742420574	21025	3048625	0
1	146	4.983606621708336	21316	3112136	0
1	147	4.990432586778736	21609	3176523	0
1	148	4.997212273764115	21904	3241792	0
1	149	5.003946305945459	22201	3307949	0
1	150	5.0106352940962555	22500	3375000	0
1	151	5.017279836814924	22801	3442951	0
1	152	5.0238805208462765	23104	3511808	0
1	153	5.030437921392435	23409	3581577	0
1	154	5.0369526024136295	23716	3652264	0
1	155	5.043425116919247	24025	3723875	0
1	156	5.049856007249537	24336	3796416	0
1	157	5.056245805348308	24649	3869893	0
1	158	5.062595033026967	24964	3944312	0
1	159	5.0689042022202315	25281	4019679	0
1	160	5.075173815233827	25600	4096000	0
1	161	5.081404364984463	25921	4173281	0
1	162	5.087596335232384	26244	4251528	0
1	163	5.093750200806762	26569	4330747	0
1	164	5.099866427824199	26896	4410944	0
1	165	5.10594547390058	27225	4492125	0
1	166	5.111987788356544	27556	4574296	0
1	167	5.117993812416755	27889	4657463	0
1	168	5.123963979403259	28224	4741632	0
1	169	5.1298987149230735	28561	4826809	0
1	170	5.135798437050262	28900	4913000	0
1	171	5.14166355650266	29241	5000211	0
1	172	5.147494476813453	29584	5088448	0
1	173	5.153291594497779	29929	5177717	0
1	174	5.159055299214529	30276	5268024	0
1	175	5.1647859739235145	30625	5359375	0
1	176	5.170483995038151	30976	5451776	0
1	177	5.176149732573829	31329	5545233	0
1	178	5.181783550292085	31684	5639752	0
1	179	5.187385805840755	32041	5735339	0
1	180	5.19295685089021	32400	5832000	0
1	181	5.198497031265826	32761	5929741	0
1	182	5.204006687076795	33124	6028568	0
1	183	5.209486152841421	33489	6128487	0
1	184	5.214935757608986	33856	6229504	0
1	185	5.220355825078324	34225	6331625	0
1	186	5.225746673713202	34596	6434856	0
1	187	5.231108616854587	34969	6539203	0
1	188	5.236441962829949	35344	6644672	0
1	189	5.241747015059643	35721	6751269	0
1	190	5.247024072160486	36100	6859000	0
1	191	5.25227342804663	36481	6967871	0
1	192	5.2574953720277815	36864	7077888	0
1	193	5.262690188904886	37249	7189057	0
1	194	5.267858159063328	37636	7301384	0
1	195	5.272999558563747	38025	7414875	0
1	196	5.278114659230517	38416	7529536	0
1	197	5.2832037287379885	38809	7645373	0
1	198	5.288267030694535	39204	7762392	0
1	199	5.293304824724492	39601	7880599	0
1	200	5.298317366548036	40000	8000000	0
1	201	5.303304908059076	40401	8120601	0
1	202	5.308267697401205	40804	8242408	0
1	203	5.313205979041787	41209	8365427	0
1	204	5.318119993844216	41616	8489664	0
1	205	5.3230099791384085	42025	8615125	0
1	206	5.327876168789581	42436	8741816	0
1	207	5.332718793265369	42849	8869743	0
1	208	5.337538079701318	43264	8998912	0
1	209	5.342334251964811	43681	9129329	0
1	210	5.3471075307174685	44100	9261000	0
1	211	5.351858133476067	44521	9393931	0
1	212	5.356586274672012	44944	9528128	0
1	213	5.3612921657094255	45369	9663597	0
1	214	5.365976015021851	45796	9800344	0
1	215	5.3706380281276624	46225	9938375	0
1	216	5.375278407684165	46656	10077696	0
1	217	5.37989735354046	47089	10218313	0
1	218	5.384495062789089	47524	10360232	0
1	219	5.389071729816501	47961	10503459	0
1	220	5.393627546352362	48400	10648000	0
1	221	5.3981627015177525	48841	10793861	0
1	222	5.402677381872279	49284	10941048	0
1	223	5.407171771460119	49729	11089567	0
1	224	5.4116460518550396	50176	11239424	0
1	225	5.41610040220442	50625	11390625	0
1	226	5.420534999272286	51076	11543176	0
1	227	5.424950017481403	51529	11697083	0
1	228	5.429345628954441	51984	11852352	0
1	229	5.43372200355424	52441	12008989	0
1	230	5.438079308923196	52900	12167000	0
1	231	5.442417710521793	53361	12326391	0
1	232	5.44673737166631	53824	12487168	0
1	233	5.4510384535657	54289	12649337	0
1	234	5.455321115357702	54756	12812904	0
1	235	5.459585514144159	55225	12977875	0
1	236	5.4638318050256105	55696	13144256	0
1	237	5.4680601411351315	56169	13312053	0
1	238	5.472270673671475	56644	13481272	0
1	239	5.476463551931511	57121	13651919	0
1	240	5.480638923341991	57600	13824000	0
1	241	5.484796933490655	58081	13997521	0
1	242	5.488937726156687	58564	14172488	0
1	243	5.493061443340548	59049	14348907	0
1	244	5.497168225293202	59536	14526784	0
1	245	5.501258210544727	60025	14706125	0
1	246	5.5053315359323625	60516	14886936	0
1	247	5.5093883366279774	61009	15069223	0
1	248	5.5134287461649825	61504	15252992	0
1	249	5.517452896464707	62001	15438249	0
1	250	5.521460917862246	62500	15625000	0
1	251	5.5254529391317835	63001	15813251	0
1	252	5.529429087511423	63504	16003008	0
1	253	5.53338948872752	64009	16194277	0
1	254	5.537334267018537	64516	16387064	0
1	255	5.541263545158426	65025	16581375	0
1	256	5.545177444479562	65536	16777216	0
1	257	5.54907608489522	66049	16974593	0
1	258	5.552959584921617	66564	17173512	0
1	259	5.556828061699537	67081	17373979	0
1	260	5.560681631015528	67600	17576000	0
1	261	5.564520407322694	68121	17779581	0
1	262	5.568344503761097	68644	17984728	0
1	263	5.572154032177765	69169	18191447	0
1	264	5.575949103146316	69696	18399744	0
1	265	5.579729825986222	70225	18609625	0
1	266	5.583496308781699	70756	18821096	0
1	267	5.58724865840025	71289	19034163	0
1	268	5.5909869805108565	71824	19248832	0
1	269	5.594711379601839	72361	19465109	0
1	270	5.598421958998375	72900	19683000	0
1	271	5.602118820879701	73441	19902511	0
1	272	5.605802066295998	73984	20123648	0
1	273	5.60947179518496	74529	20346417	0
1	274	5.6131281063880705	75076	20570824	0
1	275	5.616771097666572	75625	20796875	0
1	276	5.62040086571715	76176	21024576	0
1	277	5.6240175061873385	76729	21253933	0
1	278	5.627621113690637	77284	21484952	0
1	279	5.631211781821365	77841	21717639	0
1	280	5.634789603169249	78400	21952000	0
1	281	5.638354669333745	78961	22188041	0
1	282	5.641907070938114	79524	22425768	0
1	283	5.645446897643238	80089	22665187	0
1	284	5.648974238161206	80656	22906304	0
1	285	5.652489180268651	81225	23149125	0
1	286	5.655991810819852	81796	23393656	0
1	287	5.659482215759621	82369	23639903	0
1	288	5.662960480135946	82944	23887872	0
1	289	5.666426688112432	83521	24137569	0
1	290	5.66988092298052	84100	24389000	0
1	291	5.673323267171493	84681	24642171	0
1	292	5.676753802268282	85264	24897088	0
1	293	5.680172609017068	85849	25153757	0
1	294	5.683579767338681	86436	25412184	0
1	295	5.68697535633982	87025	25672375	0
1	296	5.69035945432406	87616	25934336	0
1	297	5.6937321388027	88209	26198073	0
1	298	5.697093486505405	88804	26463592	0
1	299	5.700443573390687	89401	26730899	0
1	300	5.703782474656201	90000	27000000	0
1	301	5.707110264748875	90601	27270901	0
1	302	5.71042701737487	91204	27543608	0
1	303	5.713732805509369	91809	27818127	0
1	304	5.717027701406222	92416	28094464	0
1	305	5.720311776607412	93025	28372625	0
1	306	5.723585101952381	93636	28652616	0
1	307	5.726847747587197	94249	28934443	0
1	308	5.730099782973574	94864	29218112	0
1	309	5.733341276897746	95481	29503629	0
1	310	5.736572297479192	96100	29791000	0
1	311	5.739792912179234	96721	30080231	0
1	312	5.7430031878094825	97344	30371328	0
1	313	5.746203190540153	97969	30664297	0
1	314	5.749392985908253	98596	30959144	0
1	315	5.752572638825633	99225	31255875	0
1	316	5.755742213586912	99856	31554496	0
1	317	5.75890177387728	100489	31855013	0
1	318	5.762051382780177	101124	32157432	0
1	319	5.765191102784844	101761	32461759	0
1	320	5.768320995793772	102400	32768000	0
1	321	5.771441123130016	103041	33076161	0
1	322	5.7745515455444085	103684	33386248	0
1	323	5.777652323222656	104329	33698267	0
1	324	5.780743515792329	104976	34012224	0
1	325	5.783825182329737	105625	34328125	0
1	326	5.786897381366708	106276	34645976	0
1	327	5.7899601708972535	106929	34965783	0
1	328	5.793013608384144	107584	35287552	0
1	329	5.796057750765372	108241	35611289	0
1	330	5.799092654460526	108900	35937000	0
1	331	5.802118375377063	109561	36264691	0
1	332	5.805134968916488	110224	36594368	0
1	333	5.808142489980444	110889	36926037	0
1	334	5.811140992976701	111556	37259704	0
1	335	5.814130531825066	112225	37595375	0
1	336	5.817111159963204	112896	37933056	0
1	337	5.820082930352362	113569	38272753	0
1	338	5.823045895483019	114244	38614472	0
1	339	5.82600010738045	114921	38958219	0
1	340	5.8289456176102075	115600	39304000	0
1	341	5.831882477283517	116281	39651821	0
1	342	5.834810737062605	116964	40001688	0
1	343	5.8377304471659395	117649	40353607	0
1	344	5.840641657373398	118336	40707584	0
1	345	5.84354441703136	119025	41063625	0
1	346	5.846438775057725	119716	41421736	0
1	347	5.849324779946859	120409	41781923	0
1	348	5.8522024797744745	121104	42144192	0
1	349	5.855071922202427	121801	42508549	0
1	350	5.857933154483459	122500	42875000	0
1	351	5.860786223465865	123201	43243551	0
1	352	5.863631175598097	123904	43614208	0
1	353	5.8664680569332965	124609	43986977	0
1	354	5.869296913133774	125316	44361864	0
1	355	5.872117789475416	126025	44738875	0
1	356	5.87493073085203	126736	45118016	0
1	357	5.877735781779639	127449	45499293	0
1	358	5.8805329864007	128164	45882712	0
1	359	5.883322388488279	128881	46268279	0
1	360	5.886104031450156	129600	46656000	0
1	361	5.8888779583328805	130321	47045881	0
1	362	5.8916442118257715	131044	47437928	0
1	363	5.8944028342648505	131769	47832147	0
1	364	5.8971538676367405	132496	48228544	0
1	365	5.8998973535824915	133225	48627125	0
1	366	5.902633333401366	133956	49027896	0
1	367	5.905361848054571	134689	49430863	0
1	368	5.908082938168931	135424	49836032	0
1	369	5.910796644040527	136161	50243409	0
1	370	5.91350300563827	136900	50653000	0
1	371	5.916202062607435	137641	51064811	0
1	372	5.918893854273146	138384	51478848	0
1	373	5.921578419643816	139129	51895117	0
1	374	5.924255797414532	139876	52313624	0
1	375	5.926926025970411	140625	52734375	0
1	376	5.929589143389895	141376	53157376	0
1	377	5.932245187448011	142129	53582633	0
1	378	5.934894195619588	142884	54010152	0
1	379	5.937536205082426	143641	54439939	0
1	380	5.940171252720432	144400	54872000	0
1	381	5.942799375126701	145161	55306341	0
1	382	5.945420608606575	145924	55742968	0
1	383	5.948034989180646	146689	56181887	0
1	384	5.950642552587727	147456	56623104	0
1	385	5.953243334287785	148225	57066625	0
1	386	5.955837369464831	148996	57512456	0
1	387	5.958424693029782	149769	57960603	0
1	388	5.961005339623274	150544	58411072	0
1	389	5.963579343618446	151321	58863869	0
1	390	5.966146739123692	152100	59319000	0
1	391	5.968707559985366	152881	59776471	0
1	392	5.971261839790462	153664	60236288	0
1	393	5.973809611869261	154449	60698457	0
1	394	5.976350909297934	155236	61162984	0
1	395	5.978885764901122	156025	61629875	0
1	396	5.981414211254481	156816	62099136	0
1	397	5.983936280687191	157609	62570773	0
1	398	5.986452005284438	158404	63044792	0
1	399	5.988961416889864	159201	63521199	0
1	400	5.991464547107982	160000	64000000	0
1	401	5.993961427306569	160801	64481201	0
1	402	5.996452088619021	161604	64964808	0
1	403	5.998936561946683	162409	65450827	0
1	404	6.0014148779611505	163216	65939264	0
1	405	6.003887067106539	164025	66430125	0
1	406	6.0063531596017325	164836	66923416	0
1	407	6.008813185442595	165649	67419143	0
1	408	6.0112671744041615	166464	67917312	0
1	409	6.013715156042802	167281	68417929	0
1	410	6.016157159698354	168100	68921000	0
1	411	6.018593214496234	168921	69426531	0
1	412	6.021023349349527	169744	69934528	0
1	413	6.023447592961033	170569	70444997	0
1	414	6.025865973825314	171396	70957944	0
1	415	6.028278520230698	172225	71473375	0
1	416	6.030685260261263	173056	71991296	0
1	417	6.0330862217988015	173889	72511713	0
1	418	6.035481432524756	174724	73034632	0
1	419	6.037870919922137	175561	73560059	0
1	420	6.040254711277414	176400	74088000	0
1	421	6.042632833682381	177241	74618461	0
1	422	6.045005314036012	178084	75151448	0
1	423	6.0473721790462776	178929	75686967	0
1	424	6.049733455231958	179776	76225024	0
1	425	6.052089168924417	180625	76765625	0
1	426	6.054439346269371	181476	77308776	0
1	427	6.056784013228625	182329	77854483	0
1	428	6.059123195581797	183184	78402752	0
1	429	6.061456918928017	184041	78953589	0
1	430	6.063785208687608	184900	79507000	0
1	431	6.066108090103747	185761	80062991	0
1	432	6.068425588244111	186624	80621568	0
1	433	6.07073772800249	187489	81182737	0
1	434	6.073044534100405	188356	81746504	0
1	435	6.075346031088684	189225	82312875	0
1	436	6.077642243349034	190096	82881856	0
1	437	6.07993319509559	190969	83453453	0
1	438	6.082218910376446	191844	84027672	0
1	439	6.0844994130751715	192721	84604519	0
1	440	6.0867747269123065	193600	85184000	0
1	441	6.089044875446846	194481	85766121	0
1	442	6.091309882077698	195364	86350888	0
1	443	6.093569770045136	196249	86938307	0
1	444	6.095824562432225	197136	87528384	0
1	445	6.09807428216624	198025	88121125	0
1	446	6.100318952020064	198916	88716536	0
1	447	6.102558594613569	199809	89314623	0
1	448	6.104793232414985	200704	89915392	0
1	449	6.1070228877422545	201601	90518849	0
1	450	6.1092475827643655	202500	91125000	0
1	451	6.111467339502679	203401	91733851	0
1	452	6.113682179832232	204304	92345408	0
1	453	6.115892125483034	205209	92959677	0
1	454	6.118097198041348	206116	93576664	0
1	455	6.12029741895095	207025	94196375	0
1	456	6.1224928095143865	207936	94818816	0
1	457	6.124683390894205	208849	95443993	0
1	458	6.126869184114185	209764	96071912	0
1	459	6.129050210060545	210681	96702579	0
1	460	6.131226489483141	211600	97336000	0
1	461	6.133398042996649	212521	97972181	0
1	462	6.135564891081739	213444	98611128	0
1	463	6.137727054086234	214369	99252847	0
1	464	6.139884552226255	215296	99897344	0
1	465	6.142037405587356	216225	100544625	0
1	466	6.144185634125646	217156	101194696	0
1	467	6.1463292576688975	218089	101847563	0
1	468	6.148468295917647	219024	102503232	0
1	469	6.150602768446279	219961	103161709	0
1	470	6.152732694704104	220900	103823000	0
1	471	6.154858094016418	221841	104487111	0
1	472	6.156978985585555	222784	105154048	0
1	473	6.159095388491933	223729	105823817	0
1	474	6.161207321695077	224676	106496424	0
1	475	6.163314804034641	225625	107171875	0
1	476	6.16541785423142	226576	107850176	0
1	477	6.1675164908883415	227529	108531333	0
1	478	6.169610732491456	228484	109215352	0
1	479	6.171700597410915	229441	109902239	0
1	480	6.173786103901937	230400	110592000	0
1	481	6.175867270105761	231361	111284641	0
1	482	6.1779441140506	232324	111980168	0
1	483	6.180016653652572	233289	112678587	0
1	484	6.182084906716632	234256	113379904	0
1	485	6.184148890937483	235225	114084125	0
1	486	6.186208623900494	236196	114791256	0
1	487	6.18826412308259	237169	115501303	0
1	488	6.1903154058531475	238144	116214272	0
1	489	6.192362489474872	239121	116930169	0
1	490	6.194405391104672	240100	117649000	0
1	491	6.19644412779452	241081	118370771	0
1	492	6.198478716492308	242064	119095488	0
1	493	6.20050917404269	243049	119823157	0
1	494	6.202535517187923	244036	120553784	0
1	495	6.20455776256869	245025	121287375	0
1	496	6.206575926724928	246016	122023936	0
1	497	6.208590026096629	247009	122763473	0
1	498	6.210600077024653	248004	123505992	0
1	499	6.212606095751519	249001	124251499	0
1	500	6.214608098422191	250000	125000000	0
1	501	6.2166061010848646	251001	125751501	0
1	502	6.218600119691729	252004	126506008	0
1	503	6.220590170099739	253009	127263527	0
1	504	6.222576268071369	254016	128024064	0
1	505	6.22455842927536	255025	128787625	0
1	506	6.226536669287466	256036	129554216	0
1	507	6.2285110035911835	257049	130323843	0
1	508	6.230481447578482	258064	131096512	0
1	509	6.2324480165505225	259081	131872229	0
1	510	6.234410725718371	260100	132651000	0
1	511	6.236369590203704	261121	133432831	0
1	512	6.238324625039508	262144	134217728	0
1	513	6.240275845170769	263169	135005697	0
1	514	6.2422232654551655	264196	135796744	0
1	515	6.244166900663736	265225	136590875	0
1	516	6.246106765481563	266256	137388096	0
1	517	6.248042874508429	267289	138188413	0
1	518	6.249975242259483	268324	138991832	0
1	519	6.251903883165888	269361	139798359	0
1	520	6.253828811575473	270400	140608000	0
1	521	6.255750041753367	271441	141420761	0
1	522	6.257667587882639	272484	142236648	0
1	523	6.259581464064923	273529	143055667	0
1	524	6.261491684321042	274576	143877824	0
1	525	6.263398262591624	275625	144703125	0
1	526	6.26530121273771	276676	145531576	0
1	527	6.267200548541362	277729	146363183	0
1	528	6.269096283706261	278784	147197952	0
1	529	6.270988431858299	279841	148035889	0
1	530	6.272877006546167	280900	148877000	0
1	531	6.274762021241939	281961	149721291	0
1	532	6.2766434893416445	283024	150568768	0
1	533	6.278521424165844	284089	151419437	0
1	534	6.280395838960195	285156	152273304	0
1	535	6.282266746896006	286225	153130375	0
1	536	6.284134161070802	287296	153990656	0
1	537	6.285998094508865	288369	154854153	0
1	538	6.2878585601617845	289444	155720872	0
1	539	6.289715570908998	290521	156590819	0
1	540	6.29156913955832	291600	157464000	0
1	541	6.293419278846481	292681	158340421	0
1	542	6.295266001439646	293764	159220088	0
1	543	6.297109319933935	294849	160103007	0
1	544	6.298949246855942	295936	160989184	0
1	545	6.300785794663244	297025	161878625	0
1	546	6.302618975744905	298116	162771336	0
1	547	6.304448802421981	299209	163667323	0
1	548	6.306275286948016	300304	164566592	0
1	549	6.3080984415095305	301401	165469149	0
1	550	6.309918278226516	302500	166375000	0
1	551	6.311734809152915	303601	167284151	0
1	552	6.313548046277095	304704	168196608	0
1	553	6.315358001522335	305809	169112377	0
1	554	6.317164686747284	306916	170031464	0
1	555	6.318968113746434	308025	170953875	0
1	556	6.320768294250582	309136	171879616	0
1	557	6.322565239927284	310249	172808693	0
1	558	6.324358962381311	311364	173741112	0
1	559	6.326149473155099	312481	174676879	0
1	560	6.327936783729195	313600	175616000	0
1	561	6.329720905522696	314721	176558481	0
1	562	6.331501849893691	315844	177504328	0
1	563	6.333279628139691	316969	178453547	0
1	564	6.335054251498059	318096	179406144	0
1	565	6.336825731146441	319225	180362125	0
1	566	6.338594078203183	320356	181321496	0
1	567	6.340359303727752	321489	182284263	0
1	568	6.342121418721152	322624	183250432	0
1	569	6.343880434126331	323761	184220009	0
1	570	6.345636360828596	324900	185193000	0
1	571	6.3473892096560105	326041	186169411	0
1	572	6.349138991379798	327184	187149248	0
1	573	6.35088571671474	328329	188132517	0
1	574	6.352629396319567	329476	189119224	0
1	575	6.354370040797351	330625	190109375	0
1	576	6.3561076606958915	331776	191102976	0
1	577	6.3578422665081	332929	192100033	0
1	578	6.359573868672378	334084	193100552	0
1	579	6.361302477572996	335241	194104539	0
1	580	6.363028103540465	336400	195112000	0
1	581	6.364750756851911	337561	196122941	0
1	582	6.366470447731438	338724	197137368	0
1	583	6.368187186350492	339889	198155287	0
1	584	6.369900982828227	341056	199176704	0
1	585	6.371611847231857	342225	200201625	0
1	586	6.373319789577012	343396	201230056	0
1	587	6.375024819828097	344569	202262003	0
1	588	6.376726947898627	345744	203297472	0
1	589	6.3784261836515865	346921	204336469	0
1	590	6.380122536899765	348100	205379000	0
1	591	6.3818160174060985	349281	206425071	0
1	592	6.3835066348840055	350464	207474688	0
1	593	6.385194398997726	351649	208527857	0
1	594	6.386879319362645	352836	209584584	0
1	595	6.38856140554563	354025	210644875	0
1	596	6.39024066706535	355216	211708736	0
1	597	6.391917113392602	356409	212776173	0
1	598	6.393590753950631	357604	213847192	0
1	599	6.395261598115449	358801	214921799	0
1	600	6.396929655216146	360000	216000000	0
1	601	6.398594934535208	361201	217081801	0
1	602	6.400257445308821	362404	218167208	0
1	603	6.401917196727186	363609	219256227	0
1	604	6.403574197934815	364816	220348864	0
1	605	6.405228458030842	366025	221445125	0
1	606	6.406879986069314	367236	222545016	0
1	607	6.408528791059498	368449	223648543	0
1	608	6.410174881966167	369664	224755712	0
1	609	6.411818267709897	370881	225866529	0
1	610	6.413458957167357	372100	226981000	0
1	611	6.415096959171596	373321	228099131	0
1	612	6.416732282512326	374544	229220928	0
1	613	6.418364935936212	375769	230346397	0
1	614	6.419994928147142	376996	231475544	0
1	615	6.421622267806518	378225	232608375	0
1	616	6.423246963533519	379456	233744896	0
1	617	6.424869023905388	380689	234885113	0
1	618	6.42648845745769	381924	236029032	0
1	619	6.428105272684596	383161	237176659	0
1	620	6.429719478039138	384400	238328000	0
1	621	6.431331081933479	385641	239483061	0
1	622	6.432940092739179	386884	240641848	0
1	623	6.434546518787453	388129	241804367	0
1	624	6.436150368369428	389376	242970624	0
1	625	6.437751649736401	390625	244140625	0
1	626	6.439350371100098	391876	245314376	0
1	627	6.440946540632921	393129	246491883	0
1	628	6.4425401664681985	394384	247673152	0
1	629	6.444131256700441	395641	248858189	0
1	630	6.4457198193855785	396900	250047000	0
1	631	6.447305862541213	398161	251239591	0
1	632	6.448889394146858	399424	252435968	0
1	633	6.450470422144176	400689	253636137	0
1	634	6.452048954437226	401956	254840104	0
1	635	6.453624998892692	403225	256047875	0
1	636	6.455198563340122	404496	257259456	0
1	637	6.456769655572163	405769	258474853	0
1	638	6.45833828334479	407044	259694072	0
1	639	6.459904454377535	408321	260917119	0
1	640	6.461468176353717	409600	262144000	0
1	641	6.46302945692067	410881	263374721	0
1	642	6.464588303689961	412164	264609288	0
1	643	6.466144724237619	413449	265847707	0
1	644	6.467698726104354	414736	267089984	0
1	645	6.4692503167957724	416025	268336125	0
1	646	6.470799503782602	417316	269586136	0
1	647	6.472346294500901	418609	270840023	0
1	648	6.473890696352274	419904	272097792	0
1	649	6.47543271670409	421201	273359449	0
1	650	6.476972362889683	422500	274625000	0
1	651	6.478509642208569	423801	275894451	0
1	652	6.480044561926653	425104	277167808	0
1	653	6.481577129276431	426409	278445077	0
1	654	6.483107351457199	427716	279726264	0
1	655	6.484635235635252	429025	281011375	0
1	656	6.486160788944089	430336	282300416	0
1	657	6.48768401848461	431649	283593393	0
1	658	6.489204931325317	432964	284890312	0
1	659	6.490723534502507	434281	286191179	0
1	660	6.492239835020471	435600	287496000	0
1	661	6.493753839851686	436921	288804781	0
1	662	6.495265555937008	438244	290117528	0
1	663	6.4967749901858625	439569	291434247	0
1	664	6.498282149476434	440896	292754944	0
1	665	6.499787040655854	442225	294079625	0
1	666	6.501289670540389	443556	295408296	0
1	667	6.502790045915623	444889	296740963	0
1	668	6.504288173536645	446224	298077632	0
1	669	6.505784060128229	447561	299418309	0
1	670	6.507277712385012	448900	300763000	0
1	671	6.508769136971682	450241	302111711	0
1	672	6.51025834052315	451584	303464448	0
1	673	6.511745329644728	452929	304821217	0
1	674	6.513230110912307	454276	306182024	0
1	675	6.51471269087253	455625	307546875	0
1	676	6.516193076042964	456976	308915776	0
1	677	6.517671272912275	458329	310288733	0
1	678	6.519147287940395	459684	311665752	0
1	679	6.520621127558696	461041	313046839	0
1	680	6.522092798170152	462400	314432000	0
1	681	6.523562306149512	463761	315821241	0
1	682	6.525029657843462	465124	317214568	0
1	683	6.52649485957079	466489	318611987	0
1	684	6.52795791762255	467856	320013504	0
1	685	6.529418838262226	469225	321419125	0
1	686	6.530877627725885	470596	322828856	0
1	687	6.532334292222349	471969	324242703	0
1	688	6.5337888379333435	473344	325660672	0
1	689	6.535241271013659	474721	327082769	0
1	690	6.536691597591305	476100	328509000	0
1	691	6.53813982376767	477481	329939371	0
1	692	6.539585955617669	478864	331373888	0
1	693	6.541029999189903	480249	332812557	0
1	694	6.542471960506805	481636	334255384	0
1	695	6.543911845564792	483025	335702375	0
1	696	6.54534966033442	484416	337153536	0
1	697	6.546785410760524	485809	338608873	0
1	698	6.548219102762372	487204	340068392	0
1	699	6.54965074223381	488601	341532099	0
1	700	6.551080335043404	490000	343000000	0
1	701	6.55250788703459	491401	344472101	0
1	702	6.553933404025811	492804	345948408	0
1	703	6.555356891810665	494209	347428927	0
1	704	6.556778356158042	495616	348913664	0
1	705	6.558197802812269	497025	350402625	0
1	706	6.559615237493242	498436	351895816	0
1	707	6.561030665896573	499849	353393243	0
1	708	6.56244409369372	501264	354894912	0
1	709	6.5638555265321274	502681	356400829	0
1	710	6.565264970035361	504100	357911000	0
1	711	6.566672429803241	505521	359425431	0
1	712	6.568077911411976	506944	360944128	0
1	713	6.569481420414296	508369	362467097	0
1	714	6.570882962339584	509796	363994344	0
1	715	6.5722825426940075	511225	365525875	0
1	716	6.573680166960646	512656	367061696	0
1	717	6.57507584059962	514089	368601813	0
1	718	6.576469569048224	515524	370146232	0
1	719	6.577861357721047	516961	371694959	0
1	720	6.579251212010101	518400	373248000	0
1	721	6.580639137284949	519841	374805361	0
1	722	6.582025138892826	521284	376367048	0
1	723	6.583409222158765	522729	377933067	0
1	724	6.584791392385716	524176	379503424	0
1	725	6.586171654854675	525625	381078125	0
1	726	6.587550014824796	527076	382657176	0
1	727	6.588926477533519	528529	384240583	0
1	728	6.590301048196686	529984	385828352	0
1	729	6.591673732008658	531441	387420489	0
1	730	6.593044534142437	532900	389017000	0
1	731	6.594413459749778	534361	390617891	0
1	732	6.595780513961311	535824	392223168	0
1	733	6.597145701886651	537289	393832837	0
1	734	6.598509028614515	538756	395446904	0
1	735	6.5998704992128365	540225	397065375	0
1	736	6.601230118728877	541696	398688256	0
1	737	6.602587892189336	543169	400315553	0
1	738	6.6039438246004725	544644	401947272	0
1	739	6.6052979209482015	546121	403583419	0
1	740	6.606650186198215	547600	405224000	0
1	741	6.608000625296087	549081	406869021	0
1	742	6.60934924316738	550564	408518488	0
1	743	6.610696044717759	552049	410172407	0
1	744	6.612041034833092	553536	411830784	0
1	745	6.61338421837956	555025	413493625	0
1	746	6.61472560020376	556516	415160936	0
1	747	6.616065185132817	558009	416832723	0
1	748	6.617402977974478	559504	418508992	0
1	749	6.618738983517219	561001	420189749	0
1	750	6.620073206530356	562500	421875000	0
1	751	6.621405651764134	564001	423564751	0
1	752	6.62273632394984	565504	425259008	0
1	753	6.6240652277998935	567009	426957777	0
1	754	6.625392368007956	568516	428661064	0
1	755	6.626717749249025	570025	430368875	0
1	756	6.628041376179533	571536	432081216	0
1	757	6.6293632534374485	573049	433798093	0
1	758	6.630683385642372	574564	435519512	0
1	759	6.63200177739563	576081	437245479	0
1	760	6.633318433280377	577600	438976000	0
1	761	6.634633357861686	579121	440711081	0
1	762	6.635946555686647	580644	442450728	0
1	763	6.637258031284457	582169	444194947	0
1	764	6.638567789166521	583696	445943744	0
1	765	6.639875833826536	585225	447697125	0
1	766	6.641182169740591	586756	449455096	0
1	767	6.642486801367256	588289	451217663	0
1	768	6.643789733147672	589824	452984832	0
1	769	6.645090969505644	591361	454756609	0
1	770	6.646390514847729	592900	456533000	0
1	771	6.647688373563329	594441	458314011	0
1	772	6.648984550024776	595984	460099648	0
1	773	6.650279048587422	597529	461889917	0
1	774	6.651571873589727	599076	463684824	0
1	775	6.652863029353347	600625	465484375	0
1	776	6.654152520183219	602176	467288576	0
1	777	6.655440350367647	603729	469097433	0
1	778	6.656726524178391	605284	470910952	0
1	779	6.658011045870748	606841	472729139	0
1	780	6.659293919683638	608400	474552000	0
1	781	6.660575149839686	609961	476379541	0
1	782	6.661854740545311	611524	478211768	0
1	783	6.663132695990803	613089	480048687	0
1	784	6.664409020350408	614656	481890304	0
1	785	6.665683717782408	616225	483736625	0
1	786	6.666956792429207	617796	485587656	0
1	787	6.668228248417403	619369	487443403	0
1	788	6.669498089857879	620944	489303872	0
1	789	6.670766320845874	622521	491169069	0
1	790	6.672032945461067	624100	493039000	0
1	791	6.673297967767654	625681	494913671	0
1	792	6.674561391814426	627264	496793088	0
1	793	6.675823221634848	628849	498677257	0
1	794	6.677083461247136	630436	500566184	0
1	795	6.678342114654332	632025	502459875	0
1	796	6.679599185844383	633616	504358336	0
1	797	6.680854678790215	635209	506261573	0
1	798	6.682108597449809	636804	508169592	0
1	799	6.683360945766275	638401	510082399	0
1	800	6.684611727667927	640000	512000000	0
1	801	6.68586094706836	641601	513922401	0
1	802	6.687108607866515	643204	515849608	0
1	803	6.688354713946762	644809	517781627	0
1	804	6.6895992691789665	646416	519718464	0
1	805	6.690842277418564	648025	521660125	0
1	806	6.692083742506628	649636	523606616	0
1	807	6.693323668269949	651249	525557943	0
1	808	6.694562058521095	652864	527514112	0
1	809	6.695798917058491	654481	529475129	0
1	810	6.697034247666484	656100	531441000	0
1	811	6.698268054115413	657721	533411731	0
1	812	6.699500340161678	659344	535387328	0
1	813	6.70073110954781	660969	537367797	0
1	814	6.70196036600254	662596	539353144	0
1	815	6.703188113240863	664225	541343375	0
1	816	6.704414354964107	665856	543338496	0
1	817	6.705639094860003	667489	545338513	0
1	818	6.706862336602747	669124	547343432	0
1	819	6.70808408385307	670761	549353259	0
1	820	6.709304340258298	672400	551368000	0
1	821	6.710523109452428	674041	553387661	0
1	822	6.71174039505618	675684	555412248	0
1	823	6.71295620067707	677329	557441767	0
1	824	6.714170529909472	678976	559476224	0
1	825	6.715383386334681	680625	561515625	0
1	826	6.716594773520978	682276	563559976	0
1	827	6.717804695023691	683929	565609283	0
1	828	6.71901315438526	685584	567663552	0
1	829	6.720220155135295	687241	569722789	0
1	830	6.721425700790643	688900	571787000	0
1	831	6.7226297948554485	690561	573856191	0
1	832	6.723832440821209	692224	575930368	0
1	833	6.725033642166843	693889	578009537	0
1	834	6.726233402358747	695556	580093704	0
1	835	6.727431724850855	697225	582182875	0
1	836	6.728628613084702	698896	584277056	0
1	837	6.729824070489475	700569	586376253	0
1	838	6.731018100482083	702244	588480472	0
1	839	6.732210706467206	703921	590589719	0
1	840	6.733401891837359	705600	592704000	0
1	841	6.734591659972948	707281	594823321	0
1	842	6.7357800142423265	708964	596947688	0
1	843	6.736966958001855	710649	599077107	0
1	844	6.738152494595957	712336	601211584	0
1	845	6.739336627357174	714025	603351125	0
1	846	6.740519359606223	715716	605495736	0
1	847	6.741700694652055	717409	607645423	0
1	848	6.742880635791903	719104	609800192	0
1	849	6.744059186311348	720801	611960049	0
1	850	6.745236349484363	722500	614125000	0
1	851	6.7464121285733745	724201	616295051	0
1	852	6.747586526829315	725904	618470208	0
1	853	6.748759547491679	727609	620650477	0
1	854	6.74993119378857	729316	622835864	0
1	855	6.75110146893676	731025	625026375	0
1	856	6.752270376141742	732736	627222016	0
1	857	6.75343791859778	734449	629422793	0
1	858	6.754604099487962	736164	631628712	0
1	859	6.755768921984255	737881	633839779	0
1	860	6.756932389247553	739600	636056000	0
1	861	6.7580945044277305	741321	638277381	0
1	862	6.759255270663693	743044	640503928	0
1	863	6.760414691083428	744769	642735647	0
1	864	6.761572768804055	746496	644972544	0
1	865	6.762729506931879	748225	647214625	0
1	866	6.763884908562435	749956	649461896	0
1	867	6.7650389767805414	751689	651714363	0
1	868	6.7661917146603505	753424	653972032	0
1	869	6.767343125265392	755161	656234909	0
1	870	6.76849321164863	756900	658503000	0
1	871	6.769641976852503	758641	660776311	0
1	872	6.77078942390898	760384	663054848	0
1	873	6.771935555839602	762129	665338617	0
1	874	6.773080375655535	763876	667627624	0
1	875	6.774223886357614	765625	669921875	0
1	876	6.775366090936392	767376	672221376	0
1	877	6.776506992372183	769129	674526133	0
1	878	6.777646593635117	770884	676836152	0
1	879	6.778784897685177	772641	679151439	0
1	880	6.779921907472252	774400	681472000	0
1	881	6.78105762593618	776161	683797841	0
1	882	6.782192056006791	777924	686128968	0
1	883	6.78332520060396	779689	688465387	0
1	884	6.784457062637643	781456	690807104	0
1	885	6.785587645007929	783225	693154125	0
1	886	6.786716950605081	784996	695506456	0
1	887	6.787844982309579	786769	697864103	0
1	888	6.78897174299217	788544	700227072	0
1	889	6.790097235513905	790321	702595369	0
1	890	6.7912214627261855	792100	704969000	0
1	891	6.792344427470809	793881	707347971	0
1	892	6.79346613258001	795664	709732288	0
1	893	6.794586580876499	797449	712121957	0
1	894	6.795705775173514	799236	714516984	0
1	895	6.796823718274855	801025	716917375	0
1	896	6.79794041297493	802816	719323136	0
1	897	6.799055862058796	804609	721734273	0
1	898	6.8001700683022	806404	724150792	0
1	899	6.80128303447162	808201	726572699	0
1	900	6.802394763324311	810000	729000000	0
1	901	6.803505257608338	811801	731432701	0
1	902	6.804614520062624	813604	733870808	0
1	903	6.805722553416985	815409	736314327	0
1	904	6.806829360392176	817216	738763264	0
1	905	6.807934943699926	819025	741217625	0
1	906	6.80903930604298	820836	743677416	0
1	907	6.810142450115136	822649	746142643	0
1	908	6.811244378601294	824464	748613312	0
1	909	6.812345094177479	826281	751089429	0
1	910	6.813444599510896	828100	753571000	0
1	911	6.814542897259958	829921	756058031	0
1	912	6.815639990074331	831744	758550528	0
1	913	6.816735880594968	833569	761048497	0
1	914	6.81783057145415	835396	763551944	0
1	915	6.818924065275521	837225	766060875	0
1	916	6.82001636467413	839056	768575296	0
1	917	6.821107472256465	840889	771095213	0
1	918	6.822197390620491	842724	773620632	0
1	919	6.823286122355687	844561	776151559	0
1	920	6.824373670043086	846400	778688000	0
1	921	6.825460036255307	848241	781229961	0
1	922	6.826545223556594	850084	783777448	0
1	923	6.827629234502852	851929	786330467	0
1	924	6.828712071641684	853776	788889024	0
1	925	6.829793737512425	855625	791453125	0
1	926	6.8308742346461795	857476	794022776	0
1	927	6.831953565565855	859329	796597983	0
1	928	6.833031732786201	861184	799178752	0
1	929	6.834108738813838	863041	801765089	0
1	930	6.835184586147301	864900	804357000	0
1	931	6.836259277277067	866761	806954491	0
1	932	6.837332814685591	868624	809557568	0
1	933	6.838405200847344	870489	812166237	0
1	934	6.839476438228843	872356	814780504	0
1	935	6.840546529288687	874225	817400375	0
1	936	6.841615476477592	876096	820025856	0
1	937	6.842683282238422	877969	822656953	0
1	938	6.843749949006225	879844	825293672	0
1	939	6.844815479208263	881721	827936019	0
1	940	6.84587987526405	883600	830584000	0
1	941	6.846943139585379	885481	833237621	0
1	942	6.848005274576363	887364	835896888	0
1	943	6.849066282633458	889249	838561807	0
1	944	6.8501261661455	891136	841232384	0
1	945	6.851184927493743	893025	843908625	0
1	946	6.852242569051878	894916	846590536	0
1	947	6.853299093186078	896809	849278123	0
1	948	6.854354502255021	898704	851971392	0
1	949	6.855408798609928	900601	854670349	0
1	950	6.856461984594587	902500	857375000	0
1	951	6.85751406254539	904401	860085351	0
1	952	6.858565034791365	906304	862801408	0
1	953	6.859614903654202	908209	865523177	0
1	954	6.860663671448287	910116	868250664	0
1	955	6.86171134048073	912025	870983875	0
1	956	6.862757913051401	913936	873722816	0
1	957	6.863803391452954	915849	876467493	0
1	958	6.86484777797086	917764	879217912	0
1	959	6.8658910748834385	919681	881974079	0
1	960	6.866933284461882	921600	884736000	0
1	961	6.8679744089702925	923521	887503681	0
1	962	6.8690144506657065	925444	890277128	0
1	963	6.870053411798126	927369	893056347	0
1	964	6.871091294610546	929296	895841344	0
1	965	6.872128101338986	931225	898632125	0
1	966	6.873163834212518	933156	901428696	0
1	967	6.874198495453294	935089	904231063	0
1	968	6.875232087276577	937024	907039232	0
1	969	6.876264611890766	938961	909853209	0
1	970	6.877296071497429	940900	912673000	0
1	971	6.878326468291325	942841	915498611	0
1	972	6.879355804460439	944784	918330048	0
1	973	6.880384082186005	946729	921167317	0
1	974	6.881411303642535	948676	924010424	0
1	975	6.882437470997847	950625	926859375	0
1	976	6.883462586413092	952576	929714176	0
1	977	6.884486652042782	954529	932574833	0
1	978	6.885509670034818	956484	935441352	0
1	979	6.88653164253051	958441	938313739	0
1	980	6.887552571664617	960400	941192000	0
1	981	6.8885724595653635	962361	944076141	0
1	982	6.889591308354466	964324	946966168	0
1	983	6.890609120147166	966289	949862087	0
1	984	6.891625897052253	968256	952763904	0
1	985	6.892641641172089	970225	955671625	0
1	986	6.893656354602635	972196	958585256	0
1	987	6.894670039433482	974169	961504803	0
1	988	6.895682697747868	976144	964430272	0
1	989	6.8966943316227125	978121	967361669	0
1	990	6.897704943128636	980100	970299000	0
1	991	6.898714534329988	982081	973242271	0
1	992	6.899723107284872	984064	976191488	0
1	993	6.900730664045173	986049	979146657	0
1	994	6.901737206656574	988036	982107784	0
1	995	6.902742737158593	990025	985074875	0
1	996	6.903747257584598	992016	988047936	0
1	997	6.904750769961838	994009	991026973	0
1	998	6.905753276311464	996004	994011992	0
1	999	6.906754778648554	998001	997002999	0
1	1000	6.907755278982137	1000000	1000000000	0
